0 pass 0.92 0.96
1 pass 0.74 0.87
2 pass 0.66 0.83
3 pass 0.94 0.97
4 pass 0.83 0.92
5 pass 0.94 0.97
6 pass 0.68 0.84
7 pass 0.90 0.95
8 pass 0.68 0.84
9 pass 0.35 0.67
10 pass 0.21 0.60
11 pass 0.83 0.92
12 pass 0.72 0.86
13 pass 0.40 0.70
14 pass 0.90 0.95
15 pass 0.59 0.80
16 pass 0.13 0.57
17 pass 0.51 0.75
18 pass 0.66 0.83
19 fail 0.78 0.89
20 pass 0.91 0.96
21 pass 0.94 0.97
22 pass 0.83 0.91
23 pass 0.25 0.63
24 pass 0.97 0.99
25 pass 0.95 0.97
26 pass 0.80 0.90
27 pass 0.68 0.84
28 pass 0.91 0.96
29 pass 0.84 0.92
30 pass 0.83 0.92
31 pass 0.02 0.51
32 pass 0.72 0.86
33 pass 0.58 0.79
34 pass 0.72 0.86
35 pass 0.80 0.90
36 pass 0.74 0.87
37 pass 0.81 0.90
38 pass 0.69 0.84
39 pass 0.85 0.93
40 pass 0.92 0.96
41 pass 0.82 0.91
42 pass 0.75 0.88
43 pass 0.98 0.99
44 pass 0.98 0.99
45 pass 0.99 0.99
46 pass 0.96 0.98
47 pass 0.97 0.99
48 pass 0.97 0.99
49 pass 0.96 0.98
50 pass 0.97 0.98
51 pass 0.44 0.72
52 pass 0.73 0.87
53 pass 0.80 0.90
54 pass 0.80 0.90
55 pass 0.34 0.67
