0 pass 0.70 0.85
1 pass 0.68 0.84
2 pass 0.34 0.67
3 pass 0.87 0.93
4 pass 0.90 0.95
5 pass 0.69 0.84
6 pass 0.89 0.95
7 pass 0.74 0.87
8 pass 0.80 0.90
9 pass 0.96 0.98
10 pass 0.88 0.94
11 pass 0.09 0.54
12 pass 0.90 0.95
13 pass 0.76 0.88
14 pass 0.93 0.96
15 pass 0.70 0.85
16 pass 0.96 0.98
17 pass 0.97 0.99
18 pass 0.67 0.84
19 pass 0.96 0.98
20 pass 0.75 0.88
21 pass 0.52 0.76
22 pass 0.85 0.93
23 pass 0.86 0.93
24 pass 0.90 0.95
25 pass 0.91 0.96
26 pass 0.97 0.98
27 pass 0.41 0.71
28 pass 0.73 0.86
29 pass 0.79 0.89
30 pass 0.32 0.66
31 pass 0.75 0.87
32 pass 0.60 0.80
33 pass 0.59 0.80
34 pass 0.81 0.90
35 pass 0.54 0.77
36 pass 0.87 0.93
37 pass 0.71 0.86
38 pass 0.73 0.87
39 pass 0.87 0.94
40 fail 0.31 0.66
41 fail 0.50 0.75
42 pass 0.50 0.75
43 pass 0.63 0.81
44 pass 0.74 0.87
45 pass 0.46 0.73
46 pass 0.07 0.53
47 pass 0.89 0.95
48 pass 0.60 0.80
49 pass 0.79 0.90
50 pass 0.74 0.87
51 fail 0.18 0.59
52 pass 0.86 0.93
53 pass 0.82 0.91
54 pass 0.75 0.87
55 pass 0.17 0.58
