0 pass 0.96 0.98
1 pass 0.69 0.85
2 pass 0.92 0.96
3 fail 0.03 0.51
4 pass 0.02 0.51
5 pass 0.42 0.71
6 pass 0.39 0.69
7 fail 0.54 0.77
8 pass 0.46 0.73
9 pass 0.09 0.54
10 fail 0.27 0.64
11 pass 0.27 0.64
12 pass 0.92 0.96
13 pass 0.88 0.94
14 pass 0.90 0.95
15 pass 0.50 0.75
16 fail 0.04 0.52
17 fail 0.01 0.51
18 pass 0.81 0.91
19 pass 0.06 0.53
20 pass 0.81 0.90
21 pass 0.86 0.93
22 pass 0.92 0.96
23 fail 0.77 0.88
24 pass 0.78 0.89
25 pass 0.61 0.80
26 pass 0.80 0.90
27 pass 0.01 0.51
28 pass 0.47 0.74
29 pass 0.90 0.95
30 pass 0.52 0.76
31 fail 0.24 0.62
32 pass 0.82 0.91
33 pass 0.70 0.85
34 pass 0.92 0.96
35 pass 0.93 0.96
36 pass 0.40 0.70
37 pass 0.75 0.88
38 pass 0.45 0.72
39 pass 0.96 0.98
40 pass 0.74 0.87
41 pass 0.27 0.63
42 pass 0.62 0.81
43 pass 0.83 0.91
44 pass 0.72 0.86
45 pass 0.38 0.69
46 pass 0.76 0.88
47 pass 0.85 0.92
48 pass 0.37 0.68
49 pass 0.04 0.52
50 pass 0.85 0.93
51 pass 0.48 0.74
52 pass 0.39 0.69
53 pass 0.29 0.64
54 pass 0.35 0.67
55 pass 0.54 0.77
