0 pass 0.33 0.67
1 pass 0.38 0.69
2 pass 0.78 0.89
3 pass 0.58 0.79
4 pass 0.98 0.99
5 pass 0.94 0.97
6 pass 0.88 0.94
7 pass 0.99 0.99
8 pass 0.88 0.94
9 pass 0.70 0.85
10 pass 0.77 0.88
11 pass 0.40 0.70
12 pass 0.88 0.94
13 pass 0.36 0.68
14 pass 0.85 0.92
15 pass 0.94 0.97
16 pass 0.71 0.85
17 fail 0.20 0.60
18 pass 0.80 0.90
19 pass 0.16 0.58
20 pass 0.69 0.85
21 pass 0.84 0.92
22 pass 0.86 0.93
23 pass 0.15 0.58
24 pass 0.83 0.92
25 pass 0.86 0.93
26 pass 0.66 0.83
27 fail 0.24 0.62
28 pass 0.96 0.98
29 pass 0.74 0.87
30 pass 0.91 0.95
31 pass 0.90 0.95
32 pass 0.94 0.97
33 pass 0.85 0.93
34 pass 0.79 0.89
35 pass 0.97 0.98
36 pass 0.83 0.91
37 pass 0.76 0.88
38 pass 0.90 0.95
39 pass 0.16 0.58
40 pass 0.97 0.99
41 pass 0.96 0.98
42 pass 0.94 0.97
43 pass 0.60 0.80
44 pass 0.23 0.62
45 fail 0.19 0.59
46 pass 0.54 0.77
47 fail 0.38 0.69
48 pass 0.23 0.62
49 pass 0.67 0.84
50 pass 0.09 0.54
51 fail 0.40 0.70
52 pass 0.87 0.94
53 pass 0.93 0.96
54 pass 0.88 0.94
55 pass 0.45 0.73
