0 pass 0.24 0.62
1 pass 0.13 0.57
2 pass 0.49 0.75
3 pass 0.74 0.87
4 pass 0.46 0.73
5 pass 0.26 0.63
6 pass 0.54 0.77
7 pass 0.86 0.93
8 pass 0.17 0.59
9 pass 0.15 0.58
10 pass 0.83 0.92
11 pass 0.55 0.78
12 pass 0.14 0.57
13 fail 0.47 0.73
14 fail 0.58 0.79
15 pass 0.59 0.80
16 pass 0.77 0.88
17 pass 0.92 0.96
18 pass 0.83 0.92
19 pass 0.46 0.73
20 fail 0.22 0.61
21 fail 0.17 0.59
22 pass 0.00 0.50
23 fail 0.37 0.68
24 pass 0.62 0.81
25 pass 0.02 0.51
26 pass 0.40 0.70
27 pass 0.87 0.94
28 pass 0.42 0.71
29 pass 0.77 0.89
30 pass 0.68 0.84
31 pass 0.20 0.60
32 pass 0.34 0.67
33 pass 0.20 0.60
34 pass 0.85 0.93
35 pass 0.80 0.90
36 pass 0.72 0.86
37 pass 0.67 0.83
38 pass 0.08 0.54
39 pass 0.69 0.84
40 pass 0.89 0.94
41 pass 0.72 0.86
42 pass 0.76 0.88
43 pass 0.99 1.00
44 pass 0.44 0.72
45 fail 0.64 0.82
46 pass 0.74 0.87
47 pass 0.63 0.82
48 pass 0.92 0.96
49 pass 0.78 0.89
50 pass 0.78 0.89
51 pass 0.96 0.98
