0 pass 0.73 0.86
1 pass 0.68 0.84
2 pass 0.43 0.71
3 pass 0.75 0.87
4 pass 0.89 0.95
5 pass 0.68 0.84
6 pass 0.92 0.96
7 pass 0.72 0.86
8 pass 0.82 0.91
9 pass 0.96 0.98
10 pass 0.90 0.95
11 fail 0.10 0.55
12 pass 0.90 0.95
13 pass 0.78 0.89
14 pass 0.92 0.96
15 pass 0.77 0.88
16 pass 0.95 0.98
17 pass 0.97 0.99
18 pass 0.72 0.86
19 pass 0.95 0.98
20 pass 0.77 0.89
21 pass 0.48 0.74
22 pass 0.86 0.93
23 pass 0.86 0.93
24 pass 0.92 0.96
25 pass 0.85 0.92
26 pass 0.97 0.98
27 pass 0.39 0.69
28 pass 0.73 0.87
29 pass 0.78 0.89
30 pass 0.33 0.66
31 pass 0.67 0.84
32 pass 0.64 0.82
33 pass 0.66 0.83
34 pass 0.80 0.90
35 pass 0.55 0.78
36 pass 0.86 0.93
37 pass 0.74 0.87
38 pass 0.74 0.87
39 pass 0.88 0.94
40 pass 0.71 0.85
41 pass 0.34 0.67
42 pass 0.84 0.92
43 pass 0.44 0.72
44 pass 0.78 0.89
45 pass 0.45 0.72
46 pass 0.78 0.89
47 pass 0.95 0.98
48 pass 0.93 0.97
49 pass 0.91 0.96
50 pass 0.94 0.97
51 fail 0.32 0.66
52 pass 0.91 0.95
53 pass 0.83 0.91
54 pass 0.75 0.88
55 pass 0.24 0.62
