0 pass 0.78 0.89
1 pass 0.95 0.98
2 pass 0.70 0.85
3 pass 0.85 0.93
4 pass 0.66 0.83
5 pass 0.29 0.65
6 pass 0.47 0.73
7 pass 0.83 0.92
8 pass 0.82 0.91
9 pass 0.33 0.66
10 pass 0.89 0.94
11 pass 0.65 0.83
12 pass 0.47 0.73
13 pass 0.64 0.82
14 pass 0.45 0.73
15 pass 0.47 0.74
16 pass 0.93 0.96
17 pass 0.85 0.93
18 pass 0.82 0.91
19 pass 0.32 0.66
20 pass 0.95 0.97
21 pass 0.69 0.85
22 pass 0.67 0.84
23 pass 0.53 0.77
24 pass 0.90 0.95
25 pass 0.85 0.93
26 pass 0.81 0.91
27 pass 0.12 0.56
28 pass 0.74 0.87
29 pass 0.63 0.82
30 pass 0.72 0.86
31 pass 0.80 0.90
32 pass 0.78 0.89
33 pass 0.71 0.85
34 pass 0.68 0.84
35 pass 0.86 0.93
36 pass 0.92 0.96
37 pass 0.75 0.88
38 pass 0.77 0.88
39 pass 0.98 0.99
40 pass 0.97 0.98
41 pass 0.95 0.98
42 pass 0.96 0.98
43 pass 0.56 0.78
44 pass 0.73 0.87
45 pass 0.82 0.91
46 pass 0.74 0.87
47 pass 0.37 0.68
48 pass 0.87 0.93
49 pass 0.52 0.76
50 pass 0.73 0.86
51 pass 0.45 0.73
52 pass 0.73 0.87
53 pass 0.75 0.87
54 pass 0.84 0.92
55 pass 0.79 0.90
