0 pass 0.44 0.72
1 fail 0.06 0.53
2 fail 0.09 0.54
3 pass 0.05 0.52
4 pass 0.94 0.97
5 pass 0.88 0.94
6 pass 0.92 0.96
7 pass 0.55 0.77
8 fail 0.36 0.68
9 fail 0.24 0.62
10 pass 0.17 0.59
11 pass 0.10 0.55
12 pass 0.67 0.84
13 pass 0.90 0.95
14 pass 0.89 0.94
15 pass 0.28 0.64
16 pass 0.78 0.89
17 pass 0.34 0.67
18 pass 0.66 0.83
19 pass 0.80 0.90
20 pass 0.77 0.89
21 pass 0.64 0.82
22 pass 0.92 0.96
23 pass 0.94 0.97
24 pass 0.22 0.61
25 pass 0.72 0.86
26 pass 0.50 0.75
27 pass 0.91 0.95
28 pass 0.76 0.88
29 pass 0.28 0.64
30 pass 0.63 0.82
31 pass 0.76 0.88
32 pass 0.78 0.89
33 pass 0.42 0.71
34 pass 0.75 0.88
35 pass 0.83 0.91
36 pass 0.47 0.74
37 pass 0.08 0.54
38 pass 0.89 0.94
39 pass 0.84 0.92
40 fail 0.20 0.60
41 pass 0.26 0.63
42 pass 0.10 0.55
43 fail 0.31 0.65
44 pass 0.56 0.78
45 pass 0.29 0.64
46 pass 0.42 0.71
47 pass 0.83 0.92
48 pass 0.40 0.70
49 pass 0.22 0.61
50 pass 0.52 0.76
51 pass 0.84 0.92
52 pass 0.27 0.64
53 pass 0.25 0.62
54 pass 0.83 0.92
55 pass 0.44 0.72
