0 pass 0.39 0.70
1 pass 0.57 0.79
2 pass 0.66 0.83
3 pass 0.44 0.72
4 pass 0.76 0.88
5 pass 0.92 0.96
6 pass 0.84 0.92
7 pass 0.61 0.80
8 pass 0.39 0.69
9 pass 0.04 0.52
10 pass 0.59 0.80
11 fail 0.11 0.56
12 pass 0.67 0.84
13 fail 0.09 0.54
14 pass 0.25 0.62
15 pass 0.80 0.90
16 pass 0.35 0.68
17 pass 0.80 0.90
18 pass 0.70 0.85
19 pass 0.29 0.64
20 pass 0.40 0.70
21 pass 0.06 0.53
22 pass 0.87 0.93
23 pass 0.82 0.91
24 pass 0.82 0.91
25 pass 0.20 0.60
26 pass 0.63 0.82
27 pass 0.93 0.97
28 pass 0.93 0.97
29 pass 0.64 0.82
30 pass 0.64 0.82
31 pass 0.99 0.99
32 pass 0.05 0.53
33 fail 0.07 0.54
34 pass 0.71 0.86
35 pass 0.75 0.87
36 pass 0.89 0.94
37 pass 0.72 0.86
38 pass 0.82 0.91
39 pass 0.94 0.97
