0 pass 0.25 0.63
1 pass 0.49 0.75
2 pass 0.73 0.87
3 pass 0.69 0.84
4 pass 0.90 0.95
5 pass 0.78 0.89
6 pass 0.79 0.89
7 pass 0.55 0.78
8 pass 0.90 0.95
9 pass 0.30 0.65
10 pass 0.86 0.93
11 pass 0.95 0.98
12 pass 0.53 0.77
13 fail 0.18 0.59
14 pass 0.68 0.84
15 fail 0.00 0.50
16 pass 0.75 0.88
17 pass 0.94 0.97
18 pass 0.83 0.91
19 fail 0.77 0.88
20 pass 0.53 0.76
21 pass 0.73 0.87
22 pass 0.59 0.80
23 fail 0.19 0.59
24 pass 0.96 0.98
25 pass 0.76 0.88
26 pass 0.91 0.95
27 pass 0.94 0.97
28 pass 0.92 0.96
29 pass 0.88 0.94
30 pass 0.72 0.86
31 pass 0.98 0.99
32 pass 0.80 0.90
33 pass 0.77 0.89
34 pass 0.91 0.96
35 pass 0.06 0.53
36 pass 0.98 0.99
37 pass 0.96 0.98
38 pass 0.95 0.98
39 pass 0.62 0.81
40 pass 0.03 0.51
41 pass 0.74 0.87
42 pass 0.69 0.85
43 fail 0.43 0.72
44 pass 0.56 0.78
45 pass 0.60 0.80
46 pass 0.55 0.77
47 fail 0.34 0.67
48 pass 0.95 0.97
49 pass 0.93 0.97
50 pass 0.86 0.93
51 pass 0.49 0.75
52 pass 0.94 0.97
53 pass 0.60 0.80
54 pass 0.68 0.84
55 pass 0.96 0.98
