0 pass 0.72 0.86
1 pass 0.68 0.84
2 pass 0.33 0.67
3 pass 0.85 0.93
4 pass 0.88 0.94
5 pass 0.63 0.82
6 pass 0.91 0.96
7 pass 0.76 0.88
8 pass 0.84 0.92
9 pass 0.97 0.98
10 pass 0.90 0.95
11 pass 0.04 0.52
12 pass 0.89 0.95
13 pass 0.82 0.91
14 pass 0.93 0.96
15 pass 0.80 0.90
16 pass 0.95 0.98
17 pass 0.97 0.99
18 pass 0.75 0.87
19 pass 0.97 0.98
20 pass 0.75 0.88
21 pass 0.49 0.75
22 pass 0.86 0.93
23 pass 0.89 0.94
24 pass 0.91 0.96
25 pass 0.91 0.95
26 pass 0.97 0.99
27 pass 0.39 0.70
28 pass 0.62 0.81
29 pass 0.80 0.90
30 pass 0.31 0.66
31 pass 0.65 0.83
32 pass 0.67 0.83
33 pass 0.63 0.81
34 pass 0.81 0.91
35 pass 0.52 0.76
36 pass 0.86 0.93
37 pass 0.67 0.84
38 pass 0.65 0.83
39 pass 0.87 0.94
40 fail 0.11 0.56
41 fail 0.14 0.57
42 pass 0.53 0.77
43 pass 0.80 0.90
44 pass 0.70 0.85
45 pass 0.40 0.70
46 pass 0.07 0.54
47 pass 0.90 0.95
