0 pass 0.74 0.87
1 pass 0.64 0.82
2 pass 0.44 0.72
3 pass 0.84 0.92
4 pass 0.88 0.94
5 pass 0.68 0.84
6 pass 0.91 0.96
7 pass 0.73 0.87
8 fail 0.03 0.51
9 pass 0.56 0.78
10 pass 0.20 0.60
11 fail 0.02 0.51
12 pass 0.90 0.95
13 pass 0.83 0.91
14 pass 0.92 0.96
15 pass 0.75 0.87
16 pass 0.95 0.97
17 pass 0.97 0.99
18 pass 0.78 0.89
19 pass 0.97 0.98
20 pass 0.80 0.90
21 pass 0.49 0.75
22 pass 0.86 0.93
23 pass 0.88 0.94
24 pass 0.90 0.95
25 pass 0.89 0.94
26 pass 0.97 0.99
27 pass 0.31 0.66
28 pass 0.41 0.70
29 pass 0.69 0.85
30 pass 0.28 0.64
31 pass 0.53 0.76
32 pass 0.63 0.81
33 pass 0.69 0.84
34 pass 0.83 0.92
35 pass 0.60 0.80
36 pass 0.88 0.94
37 pass 0.75 0.87
38 pass 0.77 0.88
39 pass 0.86 0.93
40 pass 0.64 0.82
41 pass 0.24 0.62
42 pass 0.80 0.90
43 pass 0.28 0.64
44 fail 0.21 0.61
45 pass 0.14 0.57
46 pass 0.85 0.93
47 fail 0.46 0.73
48 pass 0.60 0.80
49 fail 0.04 0.52
50 pass 0.12 0.56
51 pass 0.98 0.99
52 pass 0.95 0.97
53 pass 0.92 0.96
54 pass 0.91 0.95
55 pass 0.98 0.99
