0 pass 0.86 0.93
1 pass 0.70 0.85
2 pass 0.90 0.95
3 pass 0.46 0.73
4 pass 0.92 0.96
5 pass 0.84 0.92
6 pass 0.90 0.95
7 pass 0.12 0.56
8 pass 0.94 0.97
9 pass 0.36 0.68
10 pass 0.70 0.85
11 pass 0.86 0.93
12 pass 0.68 0.84
13 pass 0.44 0.72
14 pass 0.82 0.91
15 pass 0.86 0.93
16 pass 0.92 0.96
17 pass 0.82 0.91
18 pass 0.82 0.91
19 pass 0.96 0.98
20 pass 0.42 0.71
21 pass 0.88 0.94
22 pass 0.82 0.91
23 pass 0.88 0.94
24 pass 0.72 0.86
25 pass 0.72 0.86
26 pass 0.68 0.84
27 pass 0.96 0.98
28 pass 0.86 0.93
29 pass 0.88 0.94
30 pass 0.72 0.86
31 pass 0.96 0.98
32 pass 0.76 0.88
33 pass 0.70 0.85
34 pass 0.74 0.87
35 pass 0.98 0.99
36 pass 0.18 0.59
37 pass 0.56 0.78
38 pass 0.48 0.74
39 pass 0.22 0.61
40 pass 0.90 0.95
41 pass 0.96 0.98
42 pass 0.88 0.94
43 pass 0.66 0.83
44 pass 0.62 0.81
45 pass 0.74 0.87
46 pass 0.34 0.67
47 pass 0.72 0.86
48 fail 0.70 0.85
49 fail 0.44 0.72
50 pass 0.48 0.74
51 fail 0.74 0.87
52 pass 0.26 0.63
53 pass 0.28 0.64
54 pass 0.46 0.73
55 fail 0.48 0.74
56 pass 0.80 0.90
57 pass 0.46 0.73
58 pass 0.80 0.90
59 pass 0.46 0.73
