0 pass 0.76 0.88
1 pass 0.76 0.88
2 pass 0.84 0.92
3 pass 0.58 0.79
4 pass 0.90 0.95
5 pass 0.74 0.87
6 pass 0.86 0.93
7 pass 0.14 0.57
8 pass 0.94 0.97
9 pass 0.32 0.66
10 pass 0.72 0.86
11 pass 0.82 0.91
12 pass 0.72 0.86
13 pass 0.48 0.74
14 pass 0.82 0.91
15 pass 0.86 0.93
16 pass 0.90 0.95
17 pass 0.84 0.92
18 pass 0.80 0.90
19 pass 0.96 0.98
20 pass 0.70 0.85
21 pass 0.82 0.91
22 pass 0.82 0.91
23 pass 0.90 0.95
24 pass 0.78 0.89
25 pass 0.78 0.89
26 pass 0.16 0.58
27 pass 0.98 0.99
28 pass 0.80 0.90
29 pass 0.16 0.58
30 pass 0.80 0.90
31 pass 0.96 0.98
32 pass 0.72 0.86
33 pass 0.60 0.80
34 pass 0.60 0.80
35 pass 0.98 0.99
36 pass 0.12 0.56
37 pass 0.48 0.74
38 pass 0.50 0.75
39 pass 0.36 0.68
40 pass 0.90 0.95
41 pass 0.94 0.97
42 pass 0.90 0.95
43 pass 0.58 0.79
44 fail 0.34 0.67
45 fail 0.36 0.68
46 fail 0.54 0.77
47 pass 0.32 0.66
48 pass 0.30 0.65
49 pass 0.42 0.71
50 pass 0.52 0.76
51 fail 0.62 0.81
52 fail 0.58 0.79
53 fail 0.26 0.63
54 pass 0.32 0.66
55 fail 0.82 0.91
