0 pass 0.88 0.94
1 pass 0.68 0.84
2 pass 0.90 0.95
3 pass 0.42 0.71
4 pass 0.92 0.96
5 pass 0.82 0.91
6 pass 0.92 0.96
7 pass 0.20 0.60
8 fail 0.60 0.80
9 pass 0.04 0.52
10 pass 0.50 0.75
11 fail 0.42 0.71
12 pass 0.96 0.98
13 pass 0.94 0.97
14 pass 0.98 0.99
15 pass 0.90 0.95
16 pass 0.72 0.86
17 pass 0.74 0.87
18 pass 0.88 0.94
19 pass 0.56 0.78
20 fail 0.32 0.66
21 fail 0.40 0.70
22 pass 0.42 0.71
23 pass 0.42 0.71
24 pass 0.50 0.75
25 pass 0.54 0.77
26 pass 0.62 0.81
27 fail 0.04 0.52
28 pass 0.58 0.79
29 pass 0.78 0.89
30 pass 0.58 0.79
31 pass 0.82 0.91
32 pass 0.84 0.92
33 pass 0.68 0.84
34 pass 0.70 0.85
35 pass 0.98 0.99
36 pass 0.48 0.74
37 pass 0.74 0.87
38 pass 0.58 0.79
39 pass 0.26 0.63
40 pass 0.90 0.95
41 pass 0.92 0.96
42 pass 0.92 0.96
43 pass 0.56 0.78
44 pass 0.30 0.65
45 pass 0.62 0.81
46 pass 0.40 0.70
47 pass 0.54 0.77
48 pass 0.90 0.95
49 pass 0.88 0.94
50 pass 0.92 0.96
51 fail 0.04 0.52
52 pass 0.18 0.59
53 pass 0.10 0.55
54 pass 0.50 0.75
55 fail 0.40 0.70
56 pass 0.74 0.87
57 pass 0.38 0.69
58 pass 0.80 0.90
59 pass 0.46 0.73
